,english,german,arabic,french,spanish,chinese,russian,hindi,indonesian,japanese,swahili,polish,hungarian,turkish,greek,korean,tamil,finnish,basque,bosnian,swedish,lithuanian,icelandic,filipino,yoruba,amharic,georgian,italian,uzbek,irish,hausa,maori,thai,mongolian,romanian,punjabi,somali,dutch,portuguese,danish,slovenian,maltese,malagasy,javanese,albanian,armenian,khmer,kurdish,haitian creole
english,0.0,1009.9857399997477,2021.3856318761702,993.1925371913184,1072.5314093293898,2179.1719630928724,1450.5454483123394,1282.9580540288118,1328.723742783914,1732.179649530132,1606.8290253438784,1460.906369720515,1470.620938721205,1568.5848461580997,1539.4210565415453,1889.8176806918152,1484.5629660001205,1529.4391273399465,1262.533116095154,1115.2821541912467,967.9064297469603,1396.793521585403,1452.082837804044,1007.2996420680378,1478.963322173416,1584.5843905200438,1421.45299128953,1038.2027738059273,1572.821455478234,1118.7867389934588,1651.4966656811682,1632.0452291137974,1847.7721748572942,1721.5282666261464,1074.3464503612784,1446.300487138515,1745.7983198202687,916.9472904322789,1086.0493978310417,893.9835659915511,1350.3279371375895,1103.891221233342,828.5987256935108,1212.586646776658,1361.4516698969946,1637.0428080256324,1589.6491420127834,1245.7226030689224,1023.6099604477448
german,1009.9857399997477,0.0,2060.6326125458354,1282.1835838404827,1386.1748405023466,2195.12871484718,1544.7695651529548,1618.2240198123402,1463.3712702671953,1870.8489655725944,1824.2947827285748,1563.207704203626,1511.368518906185,1663.2110882344793,1638.9230206818531,2000.0996193543908,1755.3348972327904,1521.3171347699604,1440.675544602741,1357.986714226767,996.3981069967758,1447.9856551509906,1547.3639844907927,1438.716693899608,1780.7276276995944,1723.5356909279233,1540.5946162458542,1330.621073021294,1704.66393318243,1481.0749047643624,1874.7451016398754,1844.803173856647,1907.8952119027792,1770.7221883460093,1342.0939460168652,1727.5764621744513,1926.9664098313128,823.6365028784247,1396.3891724290888,914.0864460870937,1453.2763224317107,1427.3325967273818,1419.4501114998143,1501.329135927252,1469.0781325446662,1685.1133864958665,1729.7830632749217,1477.5911269899664,1375.3885620498322
arabic,2021.3856318761702,2060.6326125458354,0.0,2023.597724748901,1928.0714998178294,2173.7306579896513,2075.30381809924,1802.269557046743,1852.2626587753145,2094.2706105725174,1832.295359981544,2069.243675345218,2072.3220354977616,1924.495322356107,1980.1164532111982,2235.985375760839,1818.4935544467141,1910.318192925048,1822.06601198758,1965.460655055574,2020.203666700453,1891.7673017143863,2019.2257087754415,1887.9097511168447,2090.42214871477,1944.7570029799326,1881.7632590426367,1950.4468041256355,1873.7192717727069,1869.4032918701996,1796.8324378919494,1884.4615221568033,1997.9768229111971,2013.3723102029996,1892.7338088593667,1652.7312187911496,1820.3422434726663,2102.8930469033935,1938.4582081152726,2083.1083217862733,2025.9490400794925,1748.0594385747079,1894.8521398756452,1880.2926540648625,1997.5209152872835,1908.0486614137405,1986.11928242999,1932.3779333315467,2030.383685680963
french,993.1925371913184,1282.1835838404827,2023.597724748901,0.0,796.2737168611087,2161.6854901307506,1557.5090671647922,1614.8591458346368,1370.9536537472916,1949.4051886937941,1689.6233917332022,1496.6288404215143,1578.8293362315017,1629.8287531611797,1563.5875883381054,1983.766387080816,1716.2935637205771,1649.8881337085866,1370.6636368721456,1361.0433730698664,1322.0132750442529,1476.6320480639326,1764.0898353825016,1345.6121881106023,1621.5203166457484,1740.5306476604735,1558.6654264772426,813.3155276998327,1690.0387408469085,1285.531143583139,1804.5540047178645,1727.359789282793,1933.9903978698435,1822.7308900849364,854.8214600687625,1783.0575121196541,1817.5279055952897,1211.5775986395558,830.0144920952812,1260.1753664092926,1485.210667152048,1184.1744448802926,1199.8302696320598,1353.9981415410189,1228.060773035919,1778.804330400649,1663.487421496402,1370.0903226290986,990.5214069128388
spanish,1072.5314093293898,1386.1748405023466,1928.0714998178294,796.2737168611087,0.0,2163.2505485987995,1514.8251551077813,1600.439973681135,1329.7346607751774,1948.423362865397,1631.2818801168376,1422.9314731765562,1538.810028228633,1596.3928297285581,1482.6154415861704,1998.141277541291,1666.4491920887106,1612.5495023674887,1203.8118065898213,1304.2861169515893,1346.808121929546,1432.4560425828442,1755.6848061694163,1322.679299474469,1635.6961889467184,1706.9664270962091,1528.425064676853,664.035712649292,1611.1894181332216,1266.8930211044096,1725.6695357252586,1702.9905072338831,1924.2581429746626,1800.2647483487497,796.2257907967985,1643.164782161156,1729.4337395050145,1300.5830337879381,496.3546022224467,1341.3259815609763,1405.3434450799293,1121.7964773841254,1185.8059892685783,1326.33236345354,1221.5836390708935,1740.281892376677,1665.4793788641339,1374.1434517740522,1107.8627159182263
chinese,2179.1719630928724,2195.12871484718,2173.7306579896513,2161.6854901307506,2163.2505485987995,0.0,2233.579101615996,2149.71376865784,2114.343740955485,1826.8740347072312,2070.208127427598,2220.887178024035,2254.567615179943,2153.482482331445,2186.0300630765983,1689.3446778298337,2200.536474831854,2158.43402688569,2090.701984450643,2169.171488841138,2265.2103617967273,2091.021238113611,2173.8437179406765,2112.526169619102,2161.033442303321,2147.451629679567,2141.573236652826,2154.9166725748437,2140.1669515014373,2094.8639037528424,2096.596600157008,2099.99784810767,2090.6658029599294,2126.116065943346,2167.5541889147075,2129.1917020598084,2154.0258562479885,2199.963696541464,2157.6683787770144,2263.0457419606014,2211.5139329646286,2184.607153087029,2188.2862006530486,2128.646917648117,2203.7797165900324,2214.1583686889994,2151.941492493403,2176.527390428741,2186.7627048239447
russian,1450.5454483123394,1544.7695651529548,2075.30381809924,1557.5090671647922,1514.8251551077813,2233.579101615996,0.0,1751.1960676888275,1603.5975016254417,1958.0495656487442,1819.8236286680856,1274.0772655445535,1614.5078925284067,1643.431168650049,1596.451730829091,2077.683317908848,1775.777697352188,1647.8555234114228,1523.0547605790698,1129.7255682218085,1492.0663444652948,1349.9760513954795,1843.8753013002529,1621.5178214263854,1926.2116905075509,1778.6752255623628,1509.654339348646,1471.499938357688,1523.195647181984,1664.776471057592,1905.3342418545021,1881.8267752175984,1980.0645384838301,1713.8685518462207,1431.0415049124808,1754.1204216464548,1935.6219184457746,1525.2292591788628,1492.2681302221297,1507.9410217071727,1166.212005923754,1597.5511049217523,1558.167342203168,1609.9775784600358,1549.5286783038177,1643.0690001747198,1830.9618995654153,1613.0711167697254,1489.595927452696
hindi,1282.9580540288118,1618.2240198123402,1802.269557046743,1614.8591458346368,1600.439973681135,2149.71376865784,1751.1960676888275,0.0,1598.3424912502414,1876.4303426753509,1757.4774197193224,1804.8291473416662,1805.0688785473044,1765.7259456893755,1796.7631812385132,2026.292793482739,1494.467889517498,1726.2277455520648,1580.8682475712026,1571.7078758136508,1549.929486894092,1691.2936974725403,1823.711007857151,1479.4401177890556,1832.7855355686072,1790.9101606638458,1690.9967237386932,1597.7547662676732,1749.3268630899145,1559.7646541521842,1671.861639895594,1714.3766633295024,1816.5570677487335,1833.1890346249743,1595.472161529267,1142.3589335575175,1759.5769481699533,1587.4392747697914,1601.9827173576898,1595.2310740656465,1729.9270017729827,1614.8241897210842,1354.494160356726,1613.4365348946287,1744.429175325468,1716.0836763254563,1695.716713724287,1632.7150578497062,1611.225169265075
indonesian,1328.723742783914,1463.3712702671953,1852.2626587753145,1370.9536537472916,1329.7346607751774,2114.343740955485,1603.5975016254417,1598.3424912502414,0.0,1905.9682375142588,1581.4856564601075,1605.984692292319,1615.6150596789869,1586.4012353717746,1602.3518905909202,1983.9961332651712,1585.0561872772628,1600.558336539686,1341.1598616642293,1407.729977170627,1430.3437428239176,1477.420872790933,1746.7579532134919,1303.080565821638,1678.3187512587117,1703.3254078169562,1528.6547601119855,1352.2663012469777,1628.024461679149,1462.625914026405,1670.1015932007065,1588.3920737466688,1754.6721942351442,1733.2100037990006,1301.9629420054548,1556.3954876813486,1704.985283656028,1418.281356480708,1322.3912318071687,1413.7219654947,1532.546950089813,1335.2788863319497,1300.2736783711268,863.6347431505515,1444.11953689311,1639.926425762117,1618.866161467169,1395.797398027233,1367.5821837413293
japanese,1732.179649530132,1870.8489655725944,2094.2706105725174,1949.4051886937941,1948.423362865397,1826.8740347072312,1958.0495656487442,1876.4303426753509,1905.9682375142588,0.0,1917.7580836050088,1988.7313648330028,1966.9462920640833,1911.589614654569,1882.806142004562,1577.235009443415,1953.236188775569,1859.7135989135088,1776.3744628026225,1873.7846060983918,1811.616914025194,1844.9095094375527,1899.3060439085787,1858.6465902305995,1985.9954355798318,1936.191302634385,1864.6275489334641,1905.1502101044662,1913.9924734757333,1913.4332027423477,1922.7150139961816,1908.3916731986496,2014.9364782033647,1966.7315968032055,1941.8061561940358,1839.574042746267,2065.338479572035,1882.7093745042116,1912.1833734557695,1839.0795151740215,1951.4132757317186,1869.453810430185,1905.210648944317,1893.6543681256176,1950.8603530643902,1890.730052721526,2006.1462499154616,1900.5236639748782,1858.328701108181
swahili,1606.8290253438784,1824.2947827285748,1832.295359981544,1689.6233917332022,1631.2818801168376,2070.208127427598,1819.8236286680856,1757.4774197193224,1581.4856564601075,1917.7580836050088,0.0,1863.6306993567043,1933.9696820692477,1755.0038340982355,1791.5865270131683,2057.0941443796687,1712.5761212314867,1765.4722167438429,1623.2376889831366,1721.5143508834424,1768.442221331835,1735.5770816433076,1906.479494329847,1521.442524800107,1718.6137959762339,1739.5018532551373,1741.3533290208236,1633.8011050796952,1739.6049897555502,1605.7248958593677,1574.7377597272869,1632.8903996917304,1840.3266851583905,1870.808554396821,1605.2971647769284,1623.0151601809996,1654.1083470666722,1881.6520030443805,1608.2613999147216,1822.9956453226587,1805.0508555815009,1616.9149946360697,1522.4552059986872,1546.3720855160088,1718.0172178523662,1846.6127817623826,1718.603495751782,1615.3675365663566,1704.858116597168
polish,1460.906369720515,1563.207704203626,2069.243675345218,1496.6288404215143,1422.9314731765562,2220.887178024035,1274.0772655445535,1804.8291473416662,1605.984692292319,1988.7313648330028,1863.6306993567043,0.0,1635.6220144473266,1715.7057099188175,1652.8987083385823,2048.9569152008817,1861.7215085154996,1684.2997394118318,1533.0580087770536,1253.841340975635,1553.9800713378124,1471.2529452414426,1883.1460037655593,1623.6524186153024,1843.862073180642,1838.1719017133373,1677.252864777235,1406.8835151343842,1704.7577485262432,1604.062261566851,1865.245531541131,1852.8667813915542,2000.9589384256203,1909.9093410540167,1401.297674405191,1819.4515612588407,1934.6875225399478,1534.5214799022785,1446.2942999726592,1537.7994786837519,1278.6076700529484,1553.0603438498163,1548.545272902939,1622.8643715587802,1533.8906906894172,1838.8868479980802,1844.4452461629373,1606.7849331837194,1472.6516622902805
hungarian,1470.620938721205,1511.368518906185,2072.3220354977616,1578.8293362315017,1538.810028228633,2254.567615179943,1614.5078925284067,1805.0688785473044,1615.6150596789869,1966.9462920640833,1933.9696820692477,1635.6220144473266,0.0,1637.2780819283469,1664.8681855548593,2052.0318322258977,1782.0784154706907,1551.0673232902661,1466.8495692118058,1420.5029842575018,1481.27063642211,1461.4357948659422,1758.1088090456888,1678.8406721200734,1823.1154500885418,1818.1277289269087,1645.3787950323826,1521.2417147493807,1675.9039595638496,1663.455844143463,1901.0619241919155,1908.8359284283856,2049.0660907772317,1797.5408347647578,1523.1257519984435,1821.605812532125,1944.3961171069475,1483.0526541524926,1547.1734017316032,1458.1710532900984,1469.2019990506276,1610.8640072081275,1606.0534084811939,1659.2374702467273,1586.9626942824164,1697.0348098643083,1858.0354832595174,1643.6859382662,1566.2864884261762
turkish,1568.5848461580997,1663.2110882344793,1924.495322356107,1629.8287531611797,1596.3928297285581,2153.482482331445,1643.431168650049,1765.7259456893755,1586.4012353717746,1911.589614654569,1755.0038340982355,1715.7057099188175,1637.2780819283469,0.0,1683.2024806973338,2044.0847760276051,1705.7790424351529,1627.8851691942866,1505.56188925969,1531.3954640023844,1569.4223962176902,1546.8057788747353,1826.3740771308417,1633.0397981898348,1804.8200736945598,1625.6857657052685,1536.1445543340983,1590.0541211094994,1306.2749713520784,1710.7538467792635,1782.9801437447315,1873.3453207954883,1954.5942347914254,1713.9185708747912,1548.259532817229,1672.2929576631996,1861.0508664592776,1628.1712008814825,1620.0102664992194,1600.7411724367114,1587.4572058692827,1626.5295506904813,1664.6619990217955,1622.3369154129675,1595.7297841011552,1659.7697782588148,1834.1878553171541,1551.003305580179,1565.0666196189763
greek,1539.4210565415453,1638.9230206818531,1980.1164532111982,1563.5875883381054,1482.6154415861704,2186.0300630765983,1596.451730829091,1796.7631812385132,1602.3518905909202,1882.806142004562,1791.5865270131683,1652.8987083385823,1664.8681855548593,1683.2024806973338,0.0,2054.6323604731083,1764.6096842534032,1644.186114699417,1526.2731231883224,1532.876047249259,1594.4549999735539,1512.3374191120806,1859.6725419664956,1617.2898923904115,1766.3873317629657,1712.9777976831413,1612.1488320343356,1471.3438123553449,1657.5477251688847,1653.0062239221634,1856.0746261307988,1775.5471466065876,1969.1314072464372,1850.796222611877,1530.258842276405,1751.8582872759262,1903.7400562681714,1606.6592403153481,1490.2007328230518,1591.1259517409662,1555.2848425982938,1594.0371664613012,1617.9118621314958,1629.0324171424058,1563.3820746023982,1752.6432704001525,1799.1910293522467,1643.3068812885767,1568.0745252656104
korean,1889.8176806918152,2000.0996193543908,2235.985375760839,1983.766387080816,1998.141277541291,1689.3446778298337,2077.683317908848,2026.292793482739,1983.9961332651712,1577.235009443415,2057.0941443796687,2048.9569152008817,2052.0318322258977,2044.0847760276051,2054.6323604731083,0.0,2096.2279619693086,2007.4629615997437,1968.4202019431257,1988.7383780159587,2000.5279217319508,2013.070720332666,2013.6276349209425,1921.4993945666258,2047.4747568770072,2047.889566752444,2058.311413584901,2005.2756597239645,2053.1874523667448,2033.1280336762322,2085.6701294835757,2106.101792930508,2085.992979560098,2022.8533844980595,2032.2236265412446,2040.7478119080122,2154.0237089746797,1985.1858372713975,1983.657542441889,1988.9711403522597,2026.3844938298566,2064.9110276146575,2039.4091554036356,2004.959761606291,2073.6303376003243,2085.1878044174846,2035.1590797536503,2040.2492002994888,1974.215236152886
tamil,1484.5629660001205,1755.3348972327904,1818.4935544467141,1716.2935637205771,1666.4491920887106,2200.536474831854,1775.777697352188,1494.467889517498,1585.0561872772628,1953.236188775569,1712.5761212314867,1861.7215085154996,1782.0784154706907,1705.7790424351529,1764.6096842534032,2096.2279619693086,0.0,1636.9175291316972,1553.5486753752944,1613.7558640874706,1619.199533092989,1646.993910416243,1784.7130186830602,1493.2743327439373,1792.7547931330573,1718.689268385873,1661.7518179041517,1666.6389615146588,1734.996634211013,1599.650703646862,1648.9451253145767,1660.204139839399,1843.4329531584387,1877.6634373296774,1631.059621713045,1370.6259349599775,1815.3738546213574,1722.4955281513053,1671.353099154169,1706.7877077948817,1727.1389625210966,1619.897277315009,1514.8566758211696,1580.1227564630374,1774.0068236745658,1729.6016984381206,1758.0458647134785,1688.2195953779494,1682.857263668879
finnish,1529.4391273399465,1521.3171347699604,1910.318192925048,1649.8881337085866,1612.5495023674887,2158.43402688569,1647.8555234114228,1726.2277455520648,1600.558336539686,1859.7135989135088,1765.4722167438429,1684.2997394118318,1551.0673232902661,1627.8851691942866,1644.186114699417,2007.4629615997437,1636.9175291316972,0.0,1438.2585169793986,1514.083465000613,1422.8890797842027,1452.710950661916,1697.298941262156,1593.8267231962052,1806.8690653106635,1696.506954905292,1558.8539127043366,1567.7504009430495,1662.9616860765175,1661.3900011909636,1756.1687900913507,1780.3158984556069,1983.5622739913513,1777.3375804234174,1559.6155292430017,1647.0992115907286,1880.9651832676943,1551.5468142038012,1610.6605531355606,1466.9613200806646,1556.427052358674,1597.65495145475,1601.8128674632549,1631.5843137511788,1628.6695795422593,1669.1637723872416,1820.432170965854,1625.2735105213512,1594.7986831287863
basque,1262.533116095154,1440.675544602741,1822.06601198758,1370.6636368721456,1203.8118065898213,2090.701984450643,1523.0547605790698,1580.8682475712026,1341.1598616642293,1776.3744628026225,1623.2376889831366,1533.0580087770536,1466.8495692118058,1505.56188925969,1526.2731231883224,1968.4202019431257,1553.5486753752944,1438.2585169793986,0.0,1313.9446667083316,1308.9443236981842,1373.4428211139782,1692.8585590319185,1365.2132333525428,1650.004194202046,1600.6061634246125,1438.634058455846,1237.701905243946,1521.3073184318118,1456.7120514174342,1639.961199029423,1576.8358981448555,1864.0047923947654,1722.0779726621533,1230.90819420532,1431.9118944855234,1688.4460750055314,1429.758660258347,1224.1213280845413,1338.0244035787066,1390.9274796042096,1277.9277297657486,1346.2588812347578,1362.3436862419896,1386.269478837013,1573.2869125969721,1680.3866569704692,1416.0857530480446,1314.5684222308903
bosnian,1115.2821541912467,1357.986714226767,1965.460655055574,1361.0433730698664,1304.2861169515893,2169.171488841138,1129.7255682218085,1571.7078758136508,1407.729977170627,1873.7846060983918,1721.5143508834424,1253.841340975635,1420.5029842575018,1531.3954640023844,1532.876047249259,1988.7383780159587,1613.7558640874706,1514.083465000613,1313.9446667083316,0.0,1260.6184368939194,1192.6232980160667,1665.324776123884,1380.5371243986058,1695.0641390451883,1647.7336605608862,1385.5351739431478,1258.3989933429066,1533.0626591789328,1438.517510909031,1733.8949319336325,1730.0179920006988,1901.8829148770822,1716.3807381608908,1230.2249577925006,1542.3772994566616,1800.7734309695816,1323.2404702478784,1293.0322355998485,1237.3953585989034,684.7609014679431,1350.9790622117457,1268.7717001842293,1416.083847577909,1367.5120132335558,1618.2201644192376,1726.4742515538928,1368.83535045272,1288.9049597422422
swedish,967.9064297469603,996.3981069967758,2020.203666700453,1322.0132750442529,1346.808121929546,2265.2103617967273,1492.0663444652948,1549.929486894092,1430.3437428239176,1811.616914025194,1768.442221331835,1553.9800713378124,1481.27063642211,1569.4223962176902,1594.4549999735539,2000.5279217319508,1619.199533092989,1422.8890797842027,1308.9443236981842,1260.6184368939194,0.0,1376.9949163766998,1256.0236885673903,1338.6194996572303,1694.549482243663,1729.300271767954,1455.2448088554274,1311.8550310867895,1564.471663468529,1474.8391642032257,1764.791532722304,1742.0643112141559,1885.0695436139345,1730.4609555851152,1321.7427772919052,1545.4638159542142,1838.8546896479509,956.3564581595912,1360.70704439995,538.8997200149162,1386.4135134293153,1343.782243365897,1327.9760269227268,1409.531975496185,1411.3910779346359,1620.0918575865435,1717.2529510706684,1433.24195688199,1299.7435125302995
lithuanian,1396.793521585403,1447.9856551509906,1891.7673017143863,1476.6320480639326,1432.4560425828442,2091.021238113611,1349.9760513954795,1691.2936974725403,1477.420872790933,1844.9095094375527,1735.5770816433076,1471.2529452414426,1461.4357948659422,1546.8057788747353,1512.3374191120806,2013.070720332666,1646.993910416243,1452.710950661916,1373.4428211139782,1192.6232980160667,1376.9949163766998,0.0,1712.084408835209,1491.758630770512,1777.9744936279167,1616.238064888124,1382.9381329637706,1403.9187405105367,1513.4354990905606,1582.213194169664,1762.0100521431557,1748.822688467071,1916.9482209907933,1726.920216534929,1363.6267664918803,1586.1640203647605,1839.458130114964,1445.051559656326,1442.3736649838463,1380.1609402088761,1264.8679002149706,1488.80300733474,1496.1349620597443,1510.0590745260095,1453.819101203324,1613.408974585374,1787.2255708039738,1522.3143774820264,1475.1189119796586
icelandic,1452.082837804044,1547.3639844907927,2019.2257087754415,1764.0898353825016,1755.6848061694163,2173.8437179406765,1843.8753013002529,1823.711007857151,1746.7579532134919,1899.3060439085787,1906.479494329847,1883.1460037655593,1758.1088090456888,1826.3740771308417,1859.6725419664956,2013.6276349209425,1784.7130186830602,1697.298941262156,1692.8585590319185,1665.324776123884,1256.0236885673903,1712.084408835209,0.0,1695.4243631175907,1859.1578270369464,1890.3852320472758,1776.7913357613893,1734.3326751101993,1851.4804170433579,1727.4750061782474,1875.481943970444,1893.4456796124978,2023.4883963060352,1911.7211143196298,1719.5302865684587,1719.4281851331002,1945.5946244691752,1522.8331315224543,1758.1715770414094,1269.4583964752194,1754.4402314603838,1735.2488470000026,1663.8517736359368,1707.7835552107967,1803.8225677959829,1862.909640606048,1897.9394654073396,1738.879523733506,1746.299607131629
filipino,1007.2996420680378,1438.716693899608,1887.9097511168447,1345.6121881106023,1322.679299474469,2112.526169619102,1621.5178214263854,1479.4401177890556,1303.080565821638,1858.6465902305995,1521.442524800107,1623.6524186153024,1678.8406721200734,1633.0397981898348,1617.2898923904115,1921.4993945666258,1493.2743327439373,1593.8267231962052,1365.2132333525428,1380.5371243986058,1338.6194996572303,1491.758630770512,1695.4243631175907,0.0,1604.2865640070586,1686.5276962267776,1561.2536488368942,1331.1798410318033,1599.5544636033342,1356.0971345988585,1562.748769500996,1566.6579727381102,1749.306549098678,1745.157958636603,1344.8853324030003,1437.9549107599846,1616.8028945264011,1432.4363771907888,1340.4300474023187,1399.2358344687989,1573.0784151928426,1306.0872313013815,1141.2671033248303,1210.8292994790302,1535.8488374149886,1667.0204957253811,1547.9122854248444,1446.0379258074395,1313.4709437938027
yoruba,1478.963322173416,1780.7276276995944,2090.42214871477,1621.5203166457484,1635.6961889467184,2161.033442303321,1926.2116905075509,1832.7855355686072,1678.3187512587117,1985.9954355798318,1718.6137959762339,1843.862073180642,1823.1154500885418,1804.8200736945598,1766.3873317629657,2047.4747568770072,1792.7547931330573,1806.8690653106635,1650.004194202046,1695.0641390451883,1694.549482243663,1777.9744936279167,1859.1578270369464,1604.2865640070586,0.0,1774.4712553585002,1783.6920804901824,1617.341098026688,1811.5756150677653,1586.100521931955,1675.1391805619146,1735.1913222061999,1998.6943665601923,1935.6160634778375,1623.4666784319138,1779.5356356954196,1790.347066204762,1707.4713038442696,1604.016679230043,1691.1490720445556,1746.5655399127406,1668.1721653408526,1554.758670860738,1605.4104268514748,1704.8902903532933,1939.3108852805265,1825.9887422070888,1617.6800420619645,1615.9340275475813
amharic,1584.5843905200438,1723.5356909279233,1944.7570029799326,1740.5306476604735,1706.9664270962091,2147.451629679567,1778.6752255623628,1790.9101606638458,1703.3254078169562,1936.191302634385,1739.5018532551373,1838.1719017133373,1818.1277289269087,1625.6857657052685,1712.9777976831413,2047.889566752444,1718.689268385873,1696.506954905292,1600.6061634246125,1647.7336605608862,1729.300271767954,1616.238064888124,1890.3852320472758,1686.5276962267776,1774.4712553585002,0.0,1553.599855344843,1725.5684081923014,1695.2748640644295,1743.2138670035563,1769.390049495157,1857.224144177902,2009.4270451667205,1842.542977149601,1703.3435736630456,1704.3147252146168,1873.1747347443497,1720.0740305021461,1726.3953449803787,1696.613455904066,1715.383247683737,1734.4693603089427,1699.5739572260209,1725.4732669373348,1694.378273495221,1798.6453431011303,1926.5870428117653,1668.0938774113306,1717.4049479602825
georgian,1421.45299128953,1540.5946162458542,1881.7632590426367,1558.6654264772426,1528.425064676853,2141.573236652826,1509.654339348646,1690.9967237386932,1528.6547601119855,1864.6275489334641,1741.3533290208236,1677.252864777235,1645.3787950323826,1536.1445543340983,1612.1488320343356,2058.311413584901,1661.7518179041517,1558.8539127043366,1438.634058455846,1385.5351739431478,1455.2448088554274,1382.9381329637706,1776.7913357613893,1561.2536488368942,1783.6920804901824,1553.599855344843,0.0,1492.0596944615083,1466.3535958085574,1611.1038167231425,1737.604227714249,1736.137059455566,1957.8912999352904,1684.6342396856546,1474.238651780597,1567.6688502510253,1846.123537578896,1543.7192687915515,1516.213069789783,1476.2213076097166,1482.980106910979,1503.1523318858192,1559.2374041541436,1564.6288577072428,1476.9432708239074,1537.9434138056818,1847.5909475009407,1571.9799016925338,1517.5675490322026
italian,1038.2027738059273,1330.621073021294,1950.4468041256355,813.3155276998327,664.035712649292,2154.9166725748437,1471.499938357688,1597.7547662676732,1352.2663012469777,1905.1502101044662,1633.8011050796952,1406.8835151343842,1521.2417147493807,1590.0541211094994,1471.3438123553449,2005.2756597239645,1666.6389615146588,1567.7504009430495,1237.701905243946,1258.3989933429066,1311.8550310867895,1403.9187405105367,1734.3326751101993,1331.1798410318033,1617.341098026688,1725.5684081923014,1492.0596944615083,0.0,1578.3608041975979,1251.971922924071,1727.4493184357716,1665.71759303741,1935.2163714313758,1787.671543359794,799.6258808843678,1637.593707131352,1737.225755239433,1263.1031792724373,703.7300005842355,1315.7176390480406,1381.2540110108557,1028.7467498096598,1127.3412213615413,1307.1049388904087,1266.5839454491368,1720.1966937758236,1648.238567572785,1362.5857155194774,1089.7270963726353
uzbek,1572.821455478234,1704.66393318243,1873.7192717727069,1690.0387408469085,1611.1894181332216,2140.1669515014373,1523.195647181984,1749.3268630899145,1628.024461679149,1913.9924734757333,1739.6049897555502,1704.7577485262432,1675.9039595638496,1306.2749713520784,1657.5477251688847,2053.1874523667448,1734.996634211013,1662.9616860765175,1521.3073184318118,1533.0626591789328,1564.471663468529,1513.4354990905606,1851.4804170433579,1599.5544636033342,1811.5756150677653,1695.2748640644295,1466.3535958085574,1578.3608041975979,0.0,1666.1202218278527,1769.3022931205198,1819.3643298370523,1942.1523894885647,1579.8887178583752,1558.5091206092936,1612.0155580142512,1830.9608723767994,1647.276605828009,1597.7147710466131,1635.2367355867584,1562.252522388336,1589.303157701999,1638.0431132339345,1602.8550158948356,1612.4488002379653,1615.6813159637975,1846.1604827517697,1599.4915488468753,1602.540716444313
irish,1118.7867389934588,1481.0749047643624,1869.4032918701996,1285.531143583139,1266.8930211044096,2094.8639037528424,1664.776471057592,1559.7646541521842,1462.625914026405,1913.4332027423477,1605.7248958593677,1604.062261566851,1663.455844143463,1710.7538467792635,1653.0062239221634,2033.1280336762322,1599.650703646862,1661.3900011909636,1456.7120514174342,1438.517510909031,1474.8391642032257,1582.213194169664,1727.4750061782474,1356.0971345988585,1586.100521931955,1743.2138670035563,1611.1038167231425,1251.971922924071,1666.1202218278527,0.0,1668.6347870870447,1612.2255872054452,1856.4398277834816,1782.9424744058156,1240.7394651086192,1545.638460520431,1687.0973940389451,1437.9270546600972,1274.7969322549052,1471.4556030823576,1553.1577238439836,1337.4204533159937,1180.7923815530607,1381.6582008751373,1477.6493092994967,1712.4263958003783,1594.8384381615615,1422.2634536704993,1355.7252005256473
hausa,1651.4966656811682,1874.7451016398754,1796.8324378919494,1804.5540047178645,1725.6695357252586,2096.596600157008,1905.3342418545021,1671.861639895594,1670.1015932007065,1922.7150139961816,1574.7377597272869,1865.245531541131,1901.0619241919155,1782.9801437447315,1856.0746261307988,2085.6701294835757,1648.9451253145767,1756.1687900913507,1639.961199029423,1733.8949319336325,1764.791532722304,1762.0100521431557,1875.481943970444,1562.748769500996,1675.1391805619146,1769.390049495157,1737.604227714249,1727.4493184357716,1769.3022931205198,1668.6347870870447,0.0,1681.8840244278376,1876.06738982163,1877.0500538712365,1722.102352901768,1533.575548338992,1620.537233956078,1875.9926827071654,1748.4572926292872,1845.4444093070404,1862.702894297706,1743.0171386241684,1633.5577345315216,1628.5402016041496,1855.085557871805,1792.2648991091205,1804.0408268235353,1725.5343277512095,1778.9140496217892
maori,1632.0452291137974,1844.803173856647,1884.4615221568033,1727.359789282793,1702.9905072338831,2099.99784810767,1881.8267752175984,1714.3766633295024,1588.3920737466688,1908.3916731986496,1632.8903996917304,1852.8667813915542,1908.8359284283856,1873.3453207954883,1775.5471466065876,2106.101792930508,1660.204139839399,1780.3158984556069,1576.8358981448555,1730.0179920006988,1742.0643112141559,1748.822688467071,1893.4456796124978,1566.6579727381102,1735.1913222061999,1857.224144177902,1736.137059455566,1665.71759303741,1819.3643298370523,1612.2255872054452,1681.8840244278376,0.0,1883.1850474371856,1915.8399564977642,1686.6302742504633,1583.641038912692,1786.5645680332802,1812.1049293682154,1667.604448120776,1797.8709186427664,1806.0271559497533,1691.319889600646,1552.6184703219847,1549.0288043330047,1767.0939742248672,1799.1266474026124,1733.3498113591102,1667.1923276978441,1741.4126548034276
thai,1847.7721748572942,1907.8952119027792,1997.9768229111971,1933.9903978698435,1924.2581429746626,2090.6658029599294,1980.0645384838301,1816.5570677487335,1754.6721942351442,2014.9364782033647,1840.3266851583905,2000.9589384256203,2049.0660907772317,1954.5942347914254,1969.1314072464372,2085.992979560098,1843.4329531584387,1983.5622739913513,1864.0047923947654,1901.8829148770822,1885.0695436139345,1916.9482209907933,2023.4883963060352,1749.306549098678,1998.6943665601923,2009.4270451667205,1957.8912999352904,1935.2163714313758,1942.1523894885647,1856.4398277834816,1876.06738982163,1883.1850474371856,0.0,1935.0298136360627,1897.2024097709786,1779.3869520790765,1937.5823391393196,1932.061949693839,1929.8228523517125,1940.2470203849314,1966.3245685212917,1869.0050951042108,1817.5504404091257,1744.0109422380647,1925.2576717901,1900.2404135294692,1653.842126874832,1845.1873917739556,1861.1120896923694
mongolian,1721.5282666261464,1770.7221883460093,2013.3723102029996,1822.7308900849364,1800.2647483487497,2126.116065943346,1713.8685518462207,1833.1890346249743,1733.2100037990006,1966.7315968032055,1870.808554396821,1909.9093410540167,1797.5408347647578,1713.9185708747912,1850.796222611877,2022.8533844980595,1877.6634373296774,1777.3375804234174,1722.0779726621533,1716.3807381608908,1730.4609555851152,1726.920216534929,1911.7211143196298,1745.157958636603,1935.6160634778375,1842.542977149601,1684.6342396856546,1787.671543359794,1579.8887178583752,1782.9424744058156,1877.0500538712365,1915.8399564977642,1935.0298136360627,0.0,1760.0721084164581,1826.961614910501,1934.33297384916,1760.5786413067078,1796.05135692062,1727.2097621777818,1754.803875072446,1776.4768226059134,1797.7185154702327,1744.7291577848255,1761.1589452858098,1694.5035907401698,1851.3819352376354,1792.024558839235,1800.1997572658909
romanian,1074.3464503612784,1342.0939460168652,1892.7338088593667,854.8214600687625,796.2257907967985,2167.5541889147075,1431.0415049124808,1595.472161529267,1301.9629420054548,1941.8061561940358,1605.2971647769284,1401.297674405191,1523.1257519984435,1548.259532817229,1530.258842276405,2032.2236265412446,1631.059621713045,1559.6155292430017,1230.90819420532,1230.2249577925006,1321.7427772919052,1363.6267664918803,1719.5302865684587,1344.8853324030003,1623.4666784319138,1703.3435736630456,1474.238651780597,799.6258808843678,1558.5091206092936,1240.7394651086192,1722.102352901768,1686.6302742504633,1897.2024097709786,1760.0721084164581,0.0,1588.5682853864555,1743.5925726346031,1279.254608109059,792.9512999327226,1305.4750174881656,1342.320597706014,1087.1743057571898,1185.5788557658154,1283.2003554471967,1188.510813521974,1664.3552480077528,1648.6127855970287,1319.7901853625851,1092.0994143075393
punjabi,1446.300487138515,1727.5764621744513,1652.7312187911496,1783.0575121196541,1643.164782161156,2129.1917020598084,1754.1204216464548,1142.3589335575175,1556.3954876813486,1839.574042746267,1623.0151601809996,1819.4515612588407,1821.605812532125,1672.2929576631996,1751.8582872759262,2040.7478119080122,1370.6259349599775,1647.0992115907286,1431.9118944855234,1542.3772994566616,1545.4638159542142,1586.1640203647605,1719.4281851331002,1437.9549107599846,1779.5356356954196,1704.3147252146168,1567.6688502510253,1637.593707131352,1612.0155580142512,1545.638460520431,1533.575548338992,1583.641038912692,1779.3869520790765,1826.961614910501,1588.5682853864555,0.0,1610.3545365837965,1725.142359093926,1655.5982423100986,1652.713246970277,1674.5385570518292,1604.089079392562,1503.3945722494304,1579.67799302272,1781.1843529060166,1644.503832940433,1702.950514494513,1612.2170346567693,1702.7090796123275
somali,1745.7983198202687,1926.9664098313128,1820.3422434726663,1817.5279055952897,1729.4337395050145,2154.0258562479885,1935.6219184457746,1759.5769481699533,1704.985283656028,2065.338479572035,1654.1083470666722,1934.6875225399478,1944.3961171069475,1861.0508664592776,1903.7400562681714,2154.0237089746797,1815.3738546213574,1880.9651832676943,1688.4460750055314,1800.7734309695816,1838.8546896479509,1839.458130114964,1945.5946244691752,1616.8028945264011,1790.347066204762,1873.1747347443497,1846.123537578896,1737.225755239433,1830.9608723767994,1687.0973940389451,1620.537233956078,1786.5645680332802,1937.5823391393196,1934.33297384916,1743.5925726346031,1610.3545365837965,0.0,1926.6262165432145,1720.3905189869924,1883.9555560730566,1883.4219728243927,1730.3286962986358,1666.7299159860293,1692.9126674449888,1887.4693537007881,1886.8026834447076,1844.1674661660195,1755.6387277169838,1841.0635429204092
dutch,916.9472904322789,823.6365028784247,2102.8930469033935,1211.5775986395558,1300.5830337879381,2199.963696541464,1525.2292591788628,1587.4392747697914,1418.281356480708,1882.7093745042116,1881.6520030443805,1534.5214799022785,1483.0526541524926,1628.1712008814825,1606.6592403153481,1985.1858372713975,1722.4955281513053,1551.5468142038012,1429.758660258347,1323.2404702478784,956.3564581595912,1445.051559656326,1522.8331315224543,1432.4363771907888,1707.4713038442696,1720.0740305021461,1543.7192687915515,1263.1031792724373,1647.276605828009,1437.9270546600972,1875.9926827071654,1812.1049293682154,1932.061949693839,1760.5786413067078,1279.254608109059,1725.142359093926,1926.6262165432145,0.0,1333.4470215366928,926.2801476728225,1401.2538515881602,1437.8735294524972,1338.767429969562,1450.9784337646963,1445.6645008279456,1729.3664383700325,1721.7242913703506,1433.4623255326073,1297.7260050572547
portuguese,1086.0493978310417,1396.3891724290888,1938.4582081152726,830.0144920952812,496.3546022224467,2157.6683787770144,1492.2681302221297,1601.9827173576898,1322.3912318071687,1912.1833734557695,1608.2613999147216,1446.2942999726592,1547.1734017316032,1620.0102664992194,1490.2007328230518,1983.657542441889,1671.353099154169,1610.6605531355606,1224.1213280845413,1293.0322355998485,1360.70704439995,1442.3736649838463,1758.1715770414094,1340.4300474023187,1604.016679230043,1726.3953449803787,1516.213069789783,703.7300005842355,1597.7147710466131,1274.7969322549052,1748.4572926292872,1667.604448120776,1929.8228523517125,1796.05135692062,792.9512999327226,1655.5982423100986,1720.3905189869924,1333.4470215366928,0.0,1344.4453216473128,1404.5833700131839,1125.7245859267964,1180.01712535882,1325.467294735274,1246.1088826759067,1734.2324685630374,1635.8728912879421,1361.1256496848025,1131.913273864368
danish,893.9835659915511,914.0864460870937,2083.1083217862733,1260.1753664092926,1341.3259815609763,2263.0457419606014,1507.9410217071727,1595.2310740656465,1413.7219654947,1839.0795151740215,1822.9956453226587,1537.7994786837519,1458.1710532900984,1600.7411724367114,1591.1259517409662,1988.9711403522597,1706.7877077948817,1466.9613200806646,1338.0244035787066,1237.3953585989034,538.8997200149162,1380.1609402088761,1269.4583964752194,1399.2358344687989,1691.1490720445556,1696.613455904066,1476.2213076097166,1315.7176390480406,1635.2367355867584,1471.4556030823576,1845.4444093070404,1797.8709186427664,1940.2470203849314,1727.2097621777818,1305.4750174881656,1652.713246970277,1883.9555560730566,926.2801476728225,1344.4453216473128,0.0,1349.042197019668,1351.2376002144715,1317.739118561732,1398.8159739559303,1363.4706234075456,1649.3545434776158,1739.795869192205,1411.215945546094,1255.6483878097672
slovenian,1350.3279371375895,1453.2763224317107,2025.9490400794925,1485.210667152048,1405.3434450799293,2211.5139329646286,1166.212005923754,1729.9270017729827,1532.546950089813,1951.4132757317186,1805.0508555815009,1278.6076700529484,1469.2019990506276,1587.4572058692827,1555.2848425982938,2026.3844938298566,1727.1389625210966,1556.427052358674,1390.9274796042096,684.7609014679431,1386.4135134293153,1264.8679002149706,1754.4402314603838,1573.0784151928426,1746.5655399127406,1715.383247683737,1482.980106910979,1381.2540110108557,1562.252522388336,1553.1577238439836,1862.702894297706,1806.0271559497533,1966.3245685212917,1754.803875072446,1342.320597706014,1674.5385570518292,1883.4219728243927,1401.2538515881602,1404.5833700131839,1349.042197019668,0.0,1472.6815438721078,1481.0373144977525,1550.3767611384917,1469.8001531948235,1660.5202420561013,1767.6024509325557,1472.7550538459834,1424.3056114635706
maltese,1103.891221233342,1427.3325967273818,1748.0594385747079,1184.1744448802926,1121.7964773841254,2184.607153087029,1597.5511049217523,1614.8241897210842,1335.2788863319497,1869.453810430185,1616.9149946360697,1553.0603438498163,1610.8640072081275,1626.5295506904813,1594.0371664613012,2064.9110276146575,1619.897277315009,1597.65495145475,1277.9277297657486,1350.9790622117457,1343.782243365897,1488.80300733474,1735.2488470000026,1306.0872313013815,1668.1721653408526,1734.4693603089427,1503.1523318858192,1028.7467498096598,1589.303157701999,1337.4204533159937,1743.0171386241684,1691.319889600646,1869.0050951042108,1776.4768226059134,1087.1743057571898,1604.089079392562,1730.3286962986358,1437.8735294524972,1125.7245859267964,1351.2376002144715,1472.6815438721078,0.0,1223.7462784181537,1273.8616178634593,1290.614448590693,1688.6751368221087,1686.5615636186744,1335.8287200264074,1156.4987842897215
malagasy,828.5987256935108,1419.4501114998143,1894.8521398756452,1199.8302696320598,1185.8059892685783,2188.2862006530486,1558.167342203168,1354.494160356726,1300.2736783711268,1905.210648944317,1522.4552059986872,1548.545272902939,1606.0534084811939,1664.6619990217955,1617.9118621314958,2039.4091554036356,1514.8566758211696,1601.8128674632549,1346.2588812347578,1268.7717001842293,1327.9760269227268,1496.1349620597443,1663.8517736359368,1141.2671033248303,1554.758670860738,1699.5739572260209,1559.2374041541436,1127.3412213615413,1638.0431132339345,1180.7923815530607,1633.5577345315216,1552.6184703219847,1817.5504404091257,1797.7185154702327,1185.5788557658154,1503.3945722494304,1666.7299159860293,1338.767429969562,1180.01712535882,1317.739118561732,1481.0373144977525,1223.7462784181537,0.0,1216.109909622,1453.9581556660041,1680.366186109001,1548.150900279415,1332.5945973677804,1194.3130381988644
